Min_Time_Vector=[544.3690526708283, 3652.0]
Max_Time_Vector=[3599.180945842442, 3917.0]
Min_Cost_Vector=[2614.0781413326404, 157.0]
Max_Cost_Vector=[2629.6103260256014, 7391.0]
Ideal_Vector=[544.3690526708283, 157.0]
Nadir_Vector=[2614.0781413326404, 3652.0]
Worst_Vector=[3599.180945842442, 7391.0]
Hypervolume_Weighted=0.9586147653042355
