Min_Time_Vector=[7544.365901904087, 2474.0]
Max_Time_Vector=[39697.7672038466, 2574.0]
Min_Cost_Vector=[31206.25146983354, 182.0]
Max_Cost_Vector=[30680.29392250178, 5041.0]
Ideal_Vector=[7544.365901904087, 182.0]
Nadir_Vector=[31206.25146983354, 2474.0]
Worst_Vector=[39697.7672038466, 5041.0]
Hypervolume_Weighted=0.94127653225606