Min_Time_Vector=[2586.76964756316, 14635.0]
Max_Time_Vector=[50644.45092742434, 13791.0]
Min_Cost_Vector=[33725.684837013425, 89.0]
Max_Cost_Vector=[34204.100824705776, 27893.0]
Ideal_Vector=[2586.76964756316, 89.0]
Nadir_Vector=[33725.684837013425, 14635.0]
Worst_Vector=[50644.45092742434, 27893.0]
