Min_Time_Vector=[640.2115908797614, 4825.0]
Max_Time_Vector=[4967.477891096422, 4738.0]
Min_Cost_Vector=[3188.978206909474, 173.0]
Max_Cost_Vector=[3390.1279342646644, 9937.0]
Ideal_Vector=[640.2115908797614, 173.0]
Nadir_Vector=[3188.978206909474, 4825.0]
Worst_Vector=[4967.477891096422, 9937.0]
Hypervolume_Weighted=0.9681732302543132